84123
84125
84126
84152
84153
84156
84157
84159
84215
84235
84236
84251
84253
84256
84257
84259
84263
84265
84269
84512
84521
84523
84526
84532
84536
84562
84563
84569
84596
84751
84752
84753
84756
84759
85123
85124
85126
85142
85147
85214
85236
85241
85247
85263
85269
85321
85324
85326
85362
85369
85412
85421
85423
85426
85621
85623
85624
85632
85741
85742
85962
85963
86214
86215
86235
86241
86245
86247
86251
86253
86254
86257
86259
86321
86324
86325
86351
86352
86354
86357
86359
86512
86514
86521
86523
86524
86532
86541
86542
86547
86574
86951
86952
86953
86954
86957
87412
87415
87421
87423
87425
87426
87451
87452
87453
87456
87459
87512
87514
87521
87523
87524
87526
87532
87536
87541
87542
87562
87563
87569
87596
89512
89514
89521
89523
89524
89526
89532
89536
89541
89542
89547
89562
89563
89574
89621
89623
89624
89625
89632
89635
89651
89652
89653
89654
89657
