21453
21456
21457
21458
21459
21475
21478
21485
21486
21487
21489
21536
21547
21548
21563
21568
21569
21574
21578
21584
21586
21587
21589
21596
21598
23514
23541
23547
23548
23568
23569
23574
23578
23584
23586
23587
23589
23596
23598
23651
23654
23657
23658
23659
23684
23685
23687
23689
23695
23698
24153
24156
24157
24158
24159
24536
24563
24568
24569
24578
24586
24587
24589
24596
24598
24751
24753
24756
24758
24759
24785
24786
24789
24851
24853
24856
24857
24859
24863
24865
24869
24875
24895
24896
25147
25148
25368
25369
25478
25486
25487
25489
25684
25687
25689
25698
25741
25748
25784
25786
25789
25841
25847
25863
25869
25874
25896
25963
25968
25984
25986
25987
26351
26354
26357
26358
26359
26514
26541
26547
26548
26574
26578
26584
26587
26589
26598
26841
26845
26847
26851
26853
26854
26857
26859
26874
26875
26895
26951
26953
26954
26957
26958
26984
26985
26987
