12354
12356
12357
12358
12359
12365
12368
12369
12453
12456
12457
12458
12459
12475
12478
12485
12486
12487
12489
12536
12547
12548
12563
12568
12569
12574
12578
12584
12586
12587
12589
12596
12598
12635
12653
12654
12657
12658
12659
12684
12685
12687
12689
12695
12698
14235
14236
14253
14256
14257
14258
14259
14263
14265
14268
14269
14523
14526
14532
14536
14562
14563
14568
14569
14578
14586
14587
14589
14596
14598
14752
14753
14756
14758
14759
14785
14786
14789
14852
14853
14856
14857
14859
14862
14863
14865
14869
14875
14895
14896
15236
15247
15248
15263
15268
15269
15324
15326
15362
15368
15369
15423
15426
15478
15486
15487
15489
15623
15624
15632
15684
15687
15689
15698
15742
15748
15784
15786
15789
15842
15847
15862
15863
15869
15874
15896
15962
15963
15968
15984
15986
15987
