95123
95124
95126
95142
95147
95148
95214
95236
95241
95247
95248
95263
95268
95321
95324
95326
95362
95368
95412
95421
95423
95426
95478
95486
95487
95621
95623
95624
95632
95684
95687
95741
95742
95748
95784
95786
95841
95842
95847
95862
95863
95874
96214
96215
96235
96241
96245
96247
96248
96251
96253
96254
96257
96258
96321
96324
96325
96351
96352
96354
96357
96358
96512
96514
96521
96523
96524
96532
96541
96542
96547
96548
96574
96578
96584
96587
96841
96842
96845
96847
96851
96852
96853
96854
96857
96874
96875
98412
98415
98421
98423
98425
98426
98451
98452
98453
98456
98457
98475
98512
98514
98521
98523
98524
98526
98532
98536
98541
98542
98547
98562
98563
98574
98621
98623
98624
98625
98632
98635
98651
98652
98653
98654
98657
98741
98742
98745
98751
98752
98753
98754
98756
