951236
951247
951248
951263
951268
951423
951426
951478
951486
951487
952147
952148
952368
952478
952486
952487
952684
952687
953214
953241
953247
953248
953268
953621
953624
953684
953687
954123
954126
954236
954263
954268
954786
954862
954863
956214
956241
956247
956248
956321
956324
956841
956842
956847
956874
957412
957421
957423
957426
957486
957841
957842
957862
957863
958412
958421
958423
958426
958621
958623
958624
958632
958741
958742
962145
962147
962148
962153
962154
962157
962158
962351
962354
962357
962358
962415
962451
962453
962457
962458
962475
962478
962485
962487
962514
962541
962547
962548
962574
962578
962584
962587
963214
963215
963241
963245
963247
963248
963251
963254
963257
963258
963512
963514
963521
963524
963541
963542
963547
963548
963574
963578
963584
963587
965123
965124
965142
965147
965148
965214
965241
965247
965248
965321
965324
965412
965421
965423
965478
965487
965741
965742
965748
965784
965841
965842
965847
965874
968412
968415
968421
968423
968425
968451
968452
968453
968457
968475
968512
968514
968521
968523
968524
968532
968541
968542
968547
968574
968741
968742
968745
968751
968752
968753
968754
984123
984125
984126
984152
984153
984156
984157
984215
984235
984236
984251
984253
984256
984257
984263
984265
984512
984521
984523
984526
984532
984536
984562
984563
984751
984752
984753
984756
985123
985124
985126
985142
985147
985214
985236
985241
985247
985263
985321
985324
985326
985362
985412
985421
985423
985426
985621
985623
985624
985632
985741
985742
986214
986215
986235
986241
986245
986247
986251
986253
986254
986257
986321
986324
986325
986351
986352
986354
986357
986512
986514
986521
986523
986524
986532
986541
986542
986547
986574
987412
987415
987421
987423
987425
987426
987451
987452
987453
987456
987512
987514
987521
987523
987524
987526
987532
987536
987541
987542
987562
987563
