123547
123548
123568
123569
123574
123578
123584
123586
123587
123589
123596
123598
123654
123657
123658
123659
123684
123685
123687
123689
123695
123698
124536
124563
124568
124569
124578
124586
124587
124589
124596
124598
124753
124756
124758
124759
124785
124786
124789
124853
124856
124857
124859
124863
124865
124869
124875
124895
124896
125368
125369
125478
125486
125487
125489
125684
125687
125689
125698
125748
125784
125786
125789
125847
125863
125869
125874
125896
125963
125968
125984
125986
125987
126354
126357
126358
126359
126547
126548
126574
126578
126584
126587
126589
126598
126845
126847
126853
126854
126857
126859
126874
126875
126895
126953
126954
126957
126958
126984
126985
126987
142356
142357
142358
142359
142365
142368
142369
142536
142563
142568
142569
142578
142586
142587
142589
142596
142598
142635
142653
142657
142658
142659
142685
142687
142689
142695
142698
145236
145263
145268
145269
145326
145362
145368
145369
145623
145632
145687
145689
145698
145786
145789
145862
145863
145869
145896
145962
145963
145968
145986
145987
147523
147526
147532
147536
147562
147563
147568
147569
147586
147589
147596
147598
147852
147853
147856
147859
147862
147863
147865
147869
147895
147896
148523
148526
148532
148536
148562
148563
148569
148596
148623
148625
148632
148635
148652
148653
148657
148659
148695
148752
148753
148756
148759
148952
148953
148956
148957
148962
148963
148965
152368
152369
152478
152486
152487
152489
152684
152687
152689
152698
153247
153248
153268
153269
153624
153684
153687
153689
153698
154236
154263
154268
154269
154786
154789
154862
154863
154869
154896
156247
156248
156324
156842
156847
156874
156984
156987
157423
157426
157486
157489
157842
157862
157863
157869
157896
158423
158426
158623
158624
158632
158742
158962
158963
159623
159624
159632
159684
159687
159842
159847
159862
159863
159874
