841235
841236
841253
841256
841257
841259
841263
841265
841269
841523
841526
841532
841536
841562
841563
841569
841596
842153
842156
842157
842159
842351
842356
842357
842359
842365
842369
842536
842563
842569
842596
842635
842651
842653
842657
842659
842695
845123
845126
845236
845263
845269
845321
845326
845362
845369
845621
845623
845632
845962
845963
847512
847521
847523
847526
847532
847536
847562
847563
847569
847596
851236
851247
851263
851269
851423
851426
852147
852369
853214
853241
853247
853269
853621
853624
854123
854126
854236
854263
854269
856214
856241
856247
856321
856324
857412
857421
857423
857426
859621
859623
859624
859632
862145
862147
862153
862154
862157
862159
862351
862354
862357
862359
862415
862451
862453
862457
862459
862475
862514
862541
862547
862574
863214
863215
863241
863245
863247
863251
863254
863257
863259
863512
863514
863521
863524
863541
863542
863547
863574
865123
865124
865142
865147
865214
865241
865247
865321
865324
865412
865421
865423
865741
865742
869512
869514
869521
869523
869524
869532
869541
869542
869547
869574
874123
874125
874126
874152
874153
874156
874159
874215
874235
874236
874251
874253
874256
874259
874263
874265
874269
874512
874521
874523
874526
874532
874536
874562
874563
874569
874596
875123
875124
875126
875142
875214
875236
875241
875263
875269
875321
875324
875326
875362
875369
875412
875421
875423
875426
875621
875623
875624
875632
875962
875963
895123
895124
895126
895142
895147
895214
895236
895241
895247
895263
895321
895324
895326
895362
895412
895421
895423
895426
895621
895623
895624
895632
895741
895742
896214
896215
896235
896241
896245
896247
896251
896253
896254
896257
896321
896324
896325
896351
896352
896354
896357
896512
896514
896521
896523
896524
896532
896541
896542
896547
896574
