321456
321457
321458
321459
321475
321478
321485
321486
321487
321489
321547
321548
321568
321569
321574
321578
321584
321586
321587
321589
321596
321598
324156
324157
324158
324159
324568
324569
324578
324586
324587
324589
324596
324598
324751
324756
324758
324759
324785
324786
324789
324851
324856
324857
324859
324865
324869
324875
324895
324896
325147
325148
325478
325486
325487
325489
325684
325687
325689
325698
325741
325748
325784
325786
325789
325841
325847
325869
325874
325896
325968
325984
325986
325987
326514
326541
326547
326548
326574
326578
326584
326587
326589
326598
326841
326845
326847
326851
326854
326857
326859
326874
326875
326895
326951
326954
326957
326958
326984
326985
326987
351247
351248
351268
351269
351426
351478
351486
351487
351489
352147
352148
352478
352486
352487
352489
352684
352687
352689
352698
354126
354268
354269
354786
354789
354862
354869
354896
356214
356241
356247
356248
356841
356842
356847
356874
356984
356987
357412
357421
357426
357486
357489
357841
357842
357862
357869
357896
358412
358421
358426
358621
358624
358741
358742
358962
359621
359624
359684
359687
359841
359842
359847
359862
359874
362145
362147
362148
362154
362157
362158
362159
362415
362451
362457
362458
362459
362475
362478
362485
362487
362489
362514
362541
362547
362548
362574
362578
362584
362587
362589
362598
365124
365142
365147
365148
365214
365241
365247
365248
365412
365421
365478
365487
365489
365741
365742
365748
365784
365789
365841
365842
365847
365874
365984
365987
368412
368415
368421
368425
368451
368452
368457
368459
368475
368512
368514
368521
368524
368541
368542
368547
368574
368741
368742
368745
368751
368752
368754
368759
368951
368952
368954
368957
369512
369514
369521
369524
369541
369542
369547
369548
369574
369578
369584
369587
369841
369842
369845
369847
369851
369852
369854
369857
369874
369875
