741235689
741235698
741235869
741235896
741235968
741235986
741236589
741236598
741236859
741236895
741236958
741236985
741253689
741253698
741258963
741259863
741263589
741263598
741268953
741269853
741523689
741523698
741532689
741532698
741589623
741589632
741598623
741598632
742153689
742153698
742158963
742159863
742368951
742369851
745123689
745123698
745896321
745986321
748512369
748596321
748632159
748695123
748695321
748951236
748951263
748953621
748956321
748962153
748962351
748963215
748963251
748963512
748963521
748965123
748965321
751236984
751248963
751423689
751423698
751489623
751489632
752148963
752369841
753214869
753214896
753269841
753621489
753698412
753698421
754123689
754123698
754896321
756321489
756984123
758412369
758963214
758963241
759632148
759684123
759841236
759841263
759863214
759863241
784123569
784123596
784123659
784123695
784125369
784125963
784126359
784126953
784152369
784153269
784159623
784159632
784215369
784215963
784236951
784512369
784596321
785142369
785412369
785963214
785963241
786321459
786324159
786951423
786953214
786953241
786954123
789514236
789514263
789536214
789536241
789541236
789541263
789563214
789563241
789621453
789623514
789623541
789624153
789632145
789632154
789632415
789632451
789632514
789632541
789635124
789635142
789635214
789635241
789635412
789635421
789651423
789653214
789653241
789654123
