321456987
321457869
321457896
321459687
321475689
321475698
321475869
321475896
321475968
321475986
321478569
321478596
321478659
321478695
321478956
321478965
321486957
321487569
321487596
321489657
321547869
321547896
321569847
321569874
321574869
321574896
321596847
321596874
324156987
324157869
324157896
324159687
324786951
324789651
325147869
325147896
325698741
325968741
326514789
326598741
326874159
326895147
326895741
326951478
326951487
326957841
326958741
326984157
326984751
326985147
326985741
326987415
326987451
326987514
326987541
351247869
351247896
351269847
351269874
351426987
351478962
352147869
352147896
352698741
354126987
354789621
356214789
356987412
356987421
357412689
357412698
357489621
357841269
357896214
357896241
358741269
358962147
359621478
359621487
359687412
359687421
359862147
359874126
362145789
362145987
362147589
362147598
362147859
362147895
362148759
362148957
362154789
362157489
362159847
362159874
362415789
362415987
362478951
362514789
362598741
365124789
365214789
365987412
365987421
368741259
368742159
368951247
368952147
368957412
368957421
369512478
369512487
369521478
369521487
369578412
369578421
369587412
369587421
369841257
369842157
369847512
369847521
369851247
369852147
369857412
369857421
369874125
369874152
369874215
369874251
369874512
369874521
369875124
369875142
369875214
369875241
369875412
369875421
