621478953
623514789
623598741
632145789
632145987
632147589
632147598
632147859
632147895
632148759
632148957
632154789
632157489
632159847
632159874
632415789
632415987
632478951
632514789
632598741
635124789
635214789
635987412
635987421
653214789
659874123
687412359
689532147
689574123
695321478
695321487
695784123
695874123
698412357
698475123
698475321
698532147
698574123
698741235
698741253
698741523
698741532
698742153
698742351
698745123
698745321
698751423
698753214
698753241
698754123
