841236957
847512369
847596321
857412369
859632147
863214759
869532147
869574123
874123569
874123596
874123659
874123695
874125369
874125963
874126359
874126953
874152369
874153269
874159623
874159632
874215369
874215963
874236951
874512369
874596321
875142369
875412369
875963214
875963241
895362147
895632147
895741236
895741263
896214753
896235147
896235741
896321457
896321475
896321547
896321574
896324157
896324751
896325147
896325741
896351247
896352147
896357412
896357421
896532147
896574123
