214536987
214578963
214753689
214753698
214758963
214759863
214785369
214785963
214786359
214786953
214789536
214789563
214789635
214789653
214875369
214875963
214896357
215369847
215369874
215478963
215748963
235147869
235147896
235698741
235968741
236514789
236598741
236874159
236895147
236895741
236951478
236951487
236957841
236958741
236984157
236984751
236985147
236985741
236987415
236987451
236987514
236987541
241536987
241578963
247896351
251478963
253698741
263514789
263598741
269874153
