123547869
123547896
123569847
123569874
123574869
123574896
123596847
123596874
123654789
123657489
123659847
123659874
123684759
123687459
123689547
123689574
123695478
123695487
123695748
123695784
123695847
123695874
123698457
123698475
123698547
123698574
123698745
123698754
124536987
124578963
124753689
124753698
124758963
124759863
124785369
124785963
124786359
124786953
124789536
124789563
124789635
124789653
124875369
124875963
124896357
125369847
125369874
125478963
125748963
126354789
126357489
126359847
126359874
126984753
126987453
142356987
142357869
142357896
142359687
142365789
142365987
142368759
142368957
142369578
142369587
142369857
142369875
142536987
142578963
142635789
142635987
142698753
145236987
145326987
145789623
145789632
147523689
147523698
147532689
147532698
147589623
147589632
147598623
147598632
147852369
147853269
147859623
147859632
147862359
147863259
147869523
147869532
147895236
147895263
147895326
147895362
147895623
147895632
147896235
147896253
147896325
147896352
147896523
147896532
148752369
148753269
148759623
148759632
148962357
148963257
152369847
152369874
152478963
153247869
153247896
153269847
153269874
153624789
153698742
154236987
154789623
154789632
156324789
156987423
157423689
157423698
157489623
157489632
157842369
157896324
158742369
158963247
159632478
159632487
159687423
159863247
159874236
159874263
