951236847
951236874
951247863
951423687
951478623
951478632
952147863
952368741
953214786
953268741
953621478
953621487
953687412
953687421
954123687
954786321
956321478
956321487
956874123
957412368
957486321
957841236
957841263
957863214
957863241
958632147
958741236
958741263
962147853
962148753
962351478
962351487
962357841
962358741
963214578
963214587
963214758
963214785
963214857
963214875
963215478
963215487
963215748
963215784
963215847
963215874
963241578
963241587
963247851
963248751
963251478
963251487
963257841
963258741
963512478
963512487
963521478
963521487
963578412
963578421
963587412
963587421
965321478
965321487
965784123
965874123
968412357
968475123
968475321
968532147
968574123
968741235
968741253
968741523
968741532
968742153
968742351
968745123
968745321
968751423
968753214
968753241
968754123
984123657
984126357
984751236
984751263
984753621
984756321
985362147
985632147
985741236
985741263
986214753
986235147
986235741
986321457
986321475
986321547
986321574
986324157
986324751
986325147
986325741
986351247
986352147
986357412
986357421
986532147
986574123
987412356
987412365
987412536
987412563
987412635
987412653
987415236
987415263
987415326
987415362
987415623
987415632
987421536
987421563
987423651
987426351
987451236
987451263
987453621
987456321
987514236
987514263
987536214
987536241
987541236
987541263
987563214
987563241
