412356987
412357869
412357896
412359687
412365789
412365987
412368759
412368957
412369578
412369587
412369857
412369875
412536987
412578963
412635789
412635987
412698753
415236987
415326987
415789623
415789632
421536987
421578963
423698751
451236987
457896321
475123689
475123698
475896321
475986321
478512369
478596321
478632159
478695123
478695321
478951236
478951263
478953621
478956321
478962153
478962351
478963215
478963251
478963512
478963521
478965123
478965321
487512369
487596321
489632157
