62145789
62145987
62147589
62147598
62147853
62147859
62147895
62148753
62148759
62148953
62148957
62154789
62157489
62159847
62159874
62351478
62351487
62351489
62354789
62357489
62357841
62358741
62359841
62359847
62359874
62415789
62415987
62478951
62478953
62514789
62598741
63214578
63214587
63214589
63214598
63214758
63214759
63214785
63214789
63214857
63214859
63214875
63214895
63215478
63215487
63215489
63215748
63215784
63215789
63215847
63215874
63215984
63215987
63241578
63241587
63241589
63241598
63245789
63245987
63247589
63247598
63247851
63247859
63247895
63248751
63248759
63248951
63248957
63251478
63251487
63251489
63254789
63257489
63257841
63258741
63259841
63259847
63259874
63512478
63512487
63512489
63514789
63521478
63521487
63521489
63524789
63578412
63578421
63587412
63587421
63598412
63598421
63598741
63598742
65124789
65214789
65321478
65321487
65321489
65324789
65784123
65874123
65984123
65987412
65987421
65987423
68412357
68412359
68475123
68475321
68532147
68574123
68741235
68741253
68741259
68741523
68741532
68742153
68742159
68742351
68742359
68745123
68745321
68751423
68753214
68753241
68754123
68951247
68951423
68952147
68953214
68953241
68953247
68954123
68957412
68957421
68957423
69512478
69512487
69521478
69521487
69532147
69532148
69532478
69532487
69574123
69578412
69578421
69578423
69584123
69587412
69587421
69587423
69841235
69841253
69841257
69841523
69841532
69842153
69842157
69842351
69842357
69845123
69845321
69847512
69847521
69847523
69847532
69851247
69851423
69852147
69853214
69853241
69853247
69854123
69857412
69857421
69857423
69874123
69874125
69874152
69874153
69874215
69874235
69874251
69874253
69874512
69874521
69874523
69874532
69875123
69875124
69875142
69875214
69875241
69875321
69875324
69875412
69875421
69875423
