51236847
51236874
51236984
51236987
51247863
51247869
51247896
51248963
51269847
51269874
51423687
51423689
51423698
51426987
51478623
51478632
51478962
51478963
51489623
51489632
52147863
52147869
52147896
52148963
52368741
52369841
52369847
52369874
52478963
52698741
53214786
53214789
53214869
53214896
53247869
53247896
53268741
53269841
53269847
53269874
53621478
53621487
53621489
53624789
53687412
53687421
53698412
53698421
53698741
53698742
54123687
54123689
54123698
54126987
54236987
54786321
54789621
54789623
54789632
54896321
56214789
56321478
56321487
56321489
56324789
56874123
56984123
56987412
56987421
56987423
57412368
57412369
57412689
57412698
57423689
57423698
57486321
57489621
57489623
57489632
57841236
57841263
57841269
57842369
57863214
57863241
57896214
57896241
57896321
57896324
58412369
58632147
58741236
58741263
58741269
58742369
58962147
58963214
58963241
58963247
59621478
59621487
59632147
59632148
59632478
59632487
59684123
59687412
59687421
59687423
59841236
59841263
59862147
59863214
59863241
59863247
59874123
59874126
59874236
59874263
