41235687
41235689
41235698
41235786
41235789
41235869
41235896
41235968
41235986
41235987
41236578
41236587
41236589
41236598
41236857
41236859
41236875
41236895
41236957
41236958
41236985
41236987
41253687
41253689
41253698
41256987
41257863
41257869
41257896
41258963
41259687
41259863
41263578
41263587
41263589
41263598
41265789
41265987
41268753
41268759
41268953
41268957
41269578
41269587
41269853
41269857
41269875
41523687
41523689
41523698
41526987
41532687
41532689
41532698
41536987
41578623
41578632
41578962
41578963
41589623
41589632
41598623
41598632
42153687
42153689
42153698
42156987
42157863
42157869
42157896
42158963
42159687
42159863
42356987
42357869
42357896
42359687
42365789
42365987
42368751
42368759
42368951
42368957
42369578
42369587
42369851
42369857
42369875
42536987
42578963
42635789
42635987
42698751
42698753
45123687
45123689
45123698
45126987
45236987
45326987
45786321
45789621
45789623
45789632
45896321
45986321
47512368
47512369
47512689
47512698
47523689
47523698
47532689
47532698
47586321
47589621
47589623
47589632
47596321
47598621
47598623
47598632
47851236
47851263
47851269
47852369
47853269
47853621
47856321
47859621
47859623
47859632
47862153
47862159
47862351
47862359
47863215
47863251
47863259
47863512
47863521
47865123
47865321
47869512
47869521
47869523
47869532
47895123
47895126
47895236
47895263
47895321
47895326
47895362
47895621
47895623
47895632
47896215
47896235
47896251
47896253
47896321
47896325
47896351
47896352
47896512
47896521
47896523
47896532
48512369
48596321
48632157
48632159
48695123
48695321
48751236
48751263
48751269
48752369
48753269
48753621
48756321
48759621
48759623
48759632
48951236
48951263
48953621
48956321
48962153
48962157
48962351
48962357
48963215
48963251
48963257
48963512
48963521
48965123
48965321
