74123568
74123569
74123586
74123589
74123596
74123598
74123658
74123659
74123685
74123689
74123695
74123698
74125368
74125369
74125689
74125698
74125863
74125869
74125896
74125963
74125968
74125986
74126358
74126359
74126589
74126598
74126853
74126859
74126895
74126953
74126958
74126985
74152368
74152369
74152689
74152698
74153268
74153269
74153689
74153698
74158623
74158632
74158962
74158963
74159623
74159632
74159862
74159863
74215368
74215369
74215689
74215698
74215863
74215869
74215896
74215963
74215968
74215986
74235689
74235698
74235869
74235896
74235968
74235986
74236589
74236598
74236851
74236859
74236895
74236951
74236958
74236985
74253689
74253698
74258963
74259863
74263589
74263598
74268951
74268953
74269851
74269853
74512368
74512369
74512689
74512698
74523689
74523698
74532689
74532698
74586321
74589621
74589623
74589632
74596321
74598621
74598623
74598632
74851236
74851263
74851269
74852369
74853269
74853621
74856321
74859621
74859623
74859632
74862153
74862159
74862351
74862359
74863215
74863251
74863259
74863512
74863521
74865123
74865321
74869512
74869521
74869523
74869532
74895123
74895126
74895236
74895263
74895321
74895326
74895362
74895621
74895623
74895632
74896215
74896235
74896251
74896253
74896321
74896325
74896351
74896352
74896512
74896521
74896523
74896532
75123684
75123689
75123698
75124863
75124869
75124896
75126984
75142368
75142369
75142689
75142698
75148623
75148632
75148962
75148963
75214863
75214869
75214896
75236841
75236984
75248963
75269841
75321486
75321489
75324869
75324896
75326841
75326984
75362148
75362489
75368412
75368421
75369841
75369842
75412368
75412369
75412689
75412698
75423689
75423698
75486321
75489621
75489623
75489632
75621489
75632148
75632489
75684123
75698412
75698421
75698423
75841236
75841263
75841269
75842369
75863214
75863241
75896214
75896241
75896321
75896324
75962148
75963214
75963241
75963248
75968412
75968421
75968423
75984123
75984126
75984236
75984263
75986214
75986241
75986321
75986324
78412356
78412359
78412365
78412369
78412536
78412563
78412569
78412596
78412635
78412653
78412659
78412695
78415236
78415263
78415269
78415326
78415362
78415369
78415623
78415632
78415962
78415963
78421536
78421563
78421569
78421596
78423569
78423596
78423651
78423659
78423695
78425369
78425963
78426351
78426359
78426951
78426953
78451236
78451263
78451269
78452369
78453269
78453621
78456321
78459621
78459623
78459632
78512369
78514236
78514263
78514269
78536214
78536241
78541236
78541263
78541269
78542369
78563214
78563241
78596214
78596241
78596321
78596324
78621453
78621459
78623514
78623541
78624153
78624159
78632145
78632154
78632159
78632415
78632451
78632459
78632514
78632541
78635124
78635142
78635214
78635241
78635412
78635421
78651423
78653214
78653241
78654123
78695123
78695124
78695142
78695214
78695241
78695321
78695324
78695412
78695421
78695423
78951236
78951263
78951423
78951426
78953214
78953241
78953621
78953624
78954123
78954126
78954236
78954263
78956214
78956241
78956321
78956324
78962145
78962153
78962154
78962351
78962354
78962415
78962451
78962453
78962514
78962541
78963214
78963215
78963241
78963245
78963251
78963254
78963512
78963514
78963521
78963524
78963541
78963542
78965123
78965124
78965142
78965214
78965241
78965321
78965324
78965412
78965421
78965423
