12354786
12354789
12354869
12354896
12356847
12356874
12356984
12356987
12357486
12357489
12357869
12357896
12359684
12359687
12359847
12359874
12365478
12365487
12365489
12365748
12365784
12365789
12365847
12365874
12365984
12365987
12368457
12368459
12368475
12368547
12368574
12368745
12368754
12368759
12368954
12368957
12369547
12369548
12369574
12369578
12369584
12369587
12369845
12369847
12369854
12369857
12369874
12369875
12453687
12453689
12453698
12456987
12457863
12457869
12457896
12458963
12459687
12459863
12475368
12475369
12475689
12475698
12475863
12475869
12475896
12475963
12475968
12475986
12478536
12478563
12478569
12478596
12478635
12478653
12478659
12478695
12478953
12478956
12478963
12478965
12485369
12485963
12486357
12486359
12486953
12486957
12487536
12487563
12487569
12487596
12489536
12489563
12489635
12489653
12489657
12536847
12536874
12536984
12536987
12547863
12547869
12547896
12548963
12569847
12569874
12574863
12574869
12574896
12578963
12596847
12596874
12635478
12635487
12635489
12635748
12635784
12635789
12635847
12635874
12635984
12635987
12654789
12657489
12659847
12659874
12684753
12684759
12687453
12687459
12689547
12689574
12695478
12695487
12695748
12695784
12695847
12695874
12698453
12698457
12698475
12698547
12698574
12698745
12698753
12698754
14235687
14235689
14235698
14235786
14235789
14235869
14235896
14235968
14235986
14235987
14236578
14236587
14236589
14236598
14236857
14236859
14236875
14236895
14236957
14236958
14236985
14236987
14253687
14253689
14253698
14256987
14257863
14257869
14257896
14258963
14259687
14259863
14263578
14263587
14263589
14263598
14265789
14265987
14268753
14268759
14268953
14268957
14269578
14269587
14269853
14269857
14269875
14523687
14523689
14523698
14526987
14532687
14532689
14532698
14536987
14578623
14578632
14578962
14578963
14589623
14589632
14598623
14598632
14752368
14752369
14752689
14752698
14753268
14753269
14753689
14753698
14758623
14758632
14758962
14758963
14759623
14759632
14759862
14759863
14785236
14785263
14785269
14785326
14785362
14785369
14785623
14785632
14785962
14785963
14786235
14786253
14786259
14786325
14786352
14786359
14786523
14786532
14786952
14786953
14789523
14789526
14789532
14789536
14789562
14789563
14789623
14789625
14789632
14789635
14789652
14789653
14852369
14853269
14859623
14859632
14862357
14862359
14863257
14863259
14869523
14869532
14875236
14875263
14875269
14875326
14875362
14875369
14875623
14875632
14875962
14875963
14895236
14895263
14895326
14895362
14895623
14895632
14896235
14896253
14896257
14896325
14896352
14896357
14896523
14896532
15236847
15236874
15236984
15236987
15247863
15247869
15247896
15248963
15269847
15269874
15324786
15324789
15324869
15324896
15326847
15326874
15326984
15326987
15362478
15362487
15362489
15368742
15369842
15369847
15369874
15423687
15423689
15423698
15426987
15478623
15478632
15478962
15478963
15489623
15489632
15624789
15632478
15632487
15632489
15687423
15698423
15698742
15742368
15742369
15742689
15742698
15748623
15748632
15748962
15748963
15784236
15784263
15784269
15786324
15789623
15789624
15789632
15842369
15863247
15874236
15874263
15874269
15896247
15896324
15962478
15962487
15963247
15963248
15968423
15968742
15984236
15984263
15986247
15986324
15987423
15987426
