95123684
95123687
95124786
95124863
95126847
95126874
95142368
95142687
95147862
95147863
95148623
95148632
95214786
95214863
95236841
95236847
95236874
95247863
95268741
95321478
95321486
95321487
95324786
95326841
95326847
95326874
95362147
95362148
95362478
95362487
95368412
95368421
95368741
95368742
95412368
95412687
95423687
95478621
95478623
95478632
95486321
95621478
95621487
95632147
95632148
95632478
95632487
95684123
95687412
95687421
95687423
95741236
95741263
95741268
95742368
95748621
95748623
95748632
95784123
95784126
95784236
95784263
95786214
95786241
95786321
95786324
95841236
95841263
95862147
95863214
95863241
95863247
95874123
95874126
95874236
95874263
96214578
96214587
96214753
96214758
96214785
96214853
96214857
96214875
96215478
96215487
96215748
96215784
96215847
96215874
96235147
96235148
96235478
96235487
96235741
96235748
96235784
96235841
96235847
96235874
96241578
96241587
96247851
96247853
96248751
96248753
96251478
96251487
96257841
96258741
96321457
96321458
96321475
96321478
96321485
96321487
96321547
96321548
96321574
96321578
96321584
96321587
96324157
96324158
96324578
96324587
96324751
96324758
96324785
96324851
96324857
96324875
96325147
96325148
96325478
96325487
96325741
96325748
96325784
96325841
96325847
96325874
96351247
96351248
96351478
96351487
96352147
96352148
96352478
96352487
96357412
96357421
96357841
96357842
96358412
96358421
96358741
96358742
96512478
96512487
96521478
96521487
96532147
96532148
96532478
96532487
96574123
96578412
96578421
96578423
96584123
96587412
96587421
96587423
96841235
96841253
96841257
96841523
96841532
96842153
96842157
96842351
96842357
96845123
96845321
96847512
96847521
96847523
96847532
96851247
96851423
96852147
96853214
96853241
96853247
96854123
96857412
96857421
96857423
96874123
96874125
96874152
96874153
96874215
96874235
96874251
96874253
96874512
96874521
96874523
96874532
96875123
96875124
96875142
96875214
96875241
96875321
96875324
96875412
96875421
96875423
98412356
98412357
98412365
98412536
98412563
98412635
98412653
98412657
98415236
98415263
98415326
98415362
98415623
98415632
98421536
98421563
98423651
98423657
98426351
98426357
98451236
98451263
98453621
98456321
98475123
98475126
98475236
98475263
98475321
98475326
98475362
98475621
98475623
98475632
98514236
98514263
98532147
98536214
98536241
98536247
98541236
98541263
98562147
98563214
98563241
98563247
98574123
98574126
98574236
98574263
98621453
98621457
98621475
98621547
98621574
98623514
98623541
98623547
98623574
98624153
98624157
98624751
98624753
98625147
98625741
98632145
98632147
98632154
98632157
98632415
98632451
98632457
98632475
98632514
98632541
98632547
98632574
98635124
98635142
98635147
98635214
98635241
98635247
98635412
98635421
98635741
98635742
98651247
98651423
98652147
98653214
98653241
98653247
98654123
98657412
98657421
98657423
98741235
98741236
98741253
98741256
98741263
98741265
98741523
98741526
98741532
98741536
98741562
98741563
98742153
98742156
98742351
98742356
98742365
98742536
98742563
98742635
98742651
98742653
98745123
98745126
98745236
98745263
98745321
98745326
98745362
98745621
98745623
98745632
98751236
98751263
98751423
98751426
98753214
98753241
98753621
98753624
98754123
98754126
98754236
98754263
98756214
98756241
98756321
98756324
