32145687
32145689
32145698
32145786
32145789
32145869
32145896
32145968
32145986
32145987
32147568
32147569
32147586
32147589
32147596
32147598
32147856
32147859
32147865
32147869
32147895
32147896
32148569
32148596
32148657
32148659
32148695
32148756
32148759
32148956
32148957
32148965
32154786
32154789
32154869
32154896
32156847
32156874
32156984
32156987
32157486
32157489
32157869
32157896
32159684
32159687
32159847
32159874
32415687
32415689
32415698
32415786
32415789
32415869
32415896
32415968
32415986
32415987
32456987
32457869
32457896
32459687
32475689
32475698
32475869
32475896
32475968
32475986
32478569
32478596
32478651
32478659
32478695
32478951
32478956
32478965
32486951
32486957
32487569
32487596
32489651
32489657
32514786
32514789
32514869
32514896
32547869
32547896
32568741
32569841
32569847
32569874
32574869
32574896
32596841
32596847
32596874
32598741
32651478
32651487
32651489
32654789
32657489
32657841
32658741
32659841
32659847
32659874
32684157
32684159
32684751
32684759
32685147
32685741
32687415
32687451
32687459
32687514
32687541
32689514
32689541
32689547
32689574
32695147
32695148
32695478
32695487
32695741
32695748
32695784
32695841
32695847
32695874
32698415
32698451
32698457
32698475
32698514
32698541
32698547
32698574
32698741
32698745
32698751
32698754
35124786
35124789
35124869
35124896
35126847
35126874
35126984
35126987
35142687
35142689
35142698
35147862
35147869
35147896
35148962
35214786
35214789
35214869
35214896
35247869
35247896
35268741
35269841
35269847
35269874
35412687
35412689
35412698
35426987
35478621
35478962
35489621
35621478
35621487
35621489
35624789
35687412
35687421
35698412
35698421
35698741
35698742
35741268
35741269
35742689
35742698
35748621
35748962
35784126
35784269
35786214
35786241
35789621
35789624
35841269
35862147
35874126
35874269
35896214
35896241
35896247
35962147
35962148
35962478
35962487
35968412
35968421
35968741
35968742
35984126
35986214
35986241
35986247
35987412
35987421
35987426
36214578
36214587
36214589
36214598
36214758
36214759
36214785
36214789
36214857
36214859
36214875
36214895
36215478
36215487
36215489
36215748
36215784
36215789
36215847
36215874
36215984
36215987
36241578
36241587
36241589
36241598
36245789
36245987
36247589
36247598
36247851
36247859
36247895
36248751
36248759
36248951
36248957
36251478
36251487
36251489
36254789
36257489
36257841
36258741
36259841
36259847
36259874
36512478
36512487
36512489
36514789
36521478
36521487
36521489
36524789
36578412
36578421
36587412
36587421
36598412
36598421
36598741
36598742
36841257
36841259
36842157
36842159
36847512
36847521
36851247
36852147
36857412
36857421
36874125
36874152
36874159
36874215
36874251
36874259
36874512
36874521
36875124
36875142
36875214
36875241
36875412
36875421
36895124
36895142
36895147
36895214
36895241
36895247
36895412
36895421
36895741
36895742
36951247
36951248
36951478
36951487
36952147
36952148
36952478
36952487
36957412
36957421
36957841
36957842
36958412
36958421
36958741
36958742
36984125
36984152
36984157
36984215
36984251
36984257
36984512
36984521
36984751
36984752
36985124
36985142
36985147
36985214
36985241
36985247
36985412
36985421
36985741
36985742
36987412
36987415
36987421
36987425
36987451
36987452
36987512
36987514
36987521
36987524
36987541
36987542
