21453687
21453689
21453698
21456987
21457863
21457869
21457896
21458963
21459687
21459863
21475368
21475369
21475689
21475698
21475863
21475869
21475896
21475963
21475968
21475986
21478536
21478563
21478569
21478596
21478635
21478653
21478659
21478695
21478953
21478956
21478963
21478965
21485369
21485963
21486357
21486359
21486953
21486957
21487536
21487563
21487569
21487596
21489536
21489563
21489635
21489653
21489657
21536847
21536874
21536984
21536987
21547863
21547869
21547896
21548963
21569847
21569874
21574863
21574869
21574896
21578963
21596847
21596874
23514786
23514789
23514869
23514896
23547869
23547896
23568741
23569841
23569847
23569874
23574869
23574896
23596841
23596847
23596874
23598741
23651478
23651487
23651489
23654789
23657489
23657841
23658741
23659841
23659847
23659874
23684157
23684159
23684751
23684759
23685147
23685741
23687415
23687451
23687459
23687514
23687541
23689514
23689541
23689547
23689574
23695147
23695148
23695478
23695487
23695741
23695748
23695784
23695841
23695847
23695874
23698415
23698451
23698457
23698475
23698514
23698541
23698547
23698574
23698741
23698745
23698751
23698754
24153687
24153689
24153698
24156987
24157863
24157869
24157896
24158963
24159687
24159863
24536987
24578963
24753689
24753698
24758963
24759863
24785369
24785963
24786351
24786359
24786951
24786953
24789536
24789563
24789635
24789651
24789653
24875369
24875963
24896351
24896357
25147863
25147869
25147896
25148963
25368741
25369841
25369847
25369874
25478963
25698741
25748963
25968741
26351478
26351487
26351489
26354789
26357489
26357841
26358741
26359841
26359847
26359874
26514789
26598741
26874153
26874159
26895147
26895741
26951478
26951487
26957841
26958741
26984153
26984157
26984751
26984753
26985147
26985741
26987415
26987451
26987453
26987514
26987541
