84123569
84123596
84123657
84123659
84123695
84125369
84125963
84126357
84126359
84126953
84126957
84152369
84153269
84159623
84159632
84215369
84215963
84236951
84236957
84512369
84596321
84751236
84751263
84751269
84752369
84753269
84753621
84756321
84759621
84759623
84759632
85142369
85362147
85412369
85632147
85741236
85741263
85741269
85742369
85962147
85963214
85963241
85963247
86214753
86214759
86235147
86235741
86321457
86321459
86321475
86321547
86321574
86324157
86324159
86324751
86324759
86325147
86325741
86351247
86352147
86357412
86357421
86532147
86574123
86951247
86951423
86952147
86953214
86953241
86953247
86954123
86957412
86957421
86957423
87412356
87412359
87412365
87412369
87412536
87412563
87412569
87412596
87412635
87412653
87412659
87412695
87415236
87415263
87415269
87415326
87415362
87415369
87415623
87415632
87415962
87415963
87421536
87421563
87421569
87421596
87423569
87423596
87423651
87423659
87423695
87425369
87425963
87426351
87426359
87426951
87426953
87451236
87451263
87451269
87452369
87453269
87453621
87456321
87459621
87459623
87459632
87512369
87514236
87514263
87514269
87536214
87536241
87541236
87541263
87541269
87542369
87563214
87563241
87596214
87596241
87596321
87596324
89514236
89514263
89532147
89536214
89536241
89536247
89541236
89541263
89562147
89563214
89563241
89563247
89574123
89574126
89574236
89574263
89621453
89621457
89621475
89621547
89621574
89623514
89623541
89623547
89623574
89624153
89624157
89624751
89624753
89625147
89625741
89632145
89632147
89632154
89632157
89632415
89632451
89632457
89632475
89632514
89632541
89632547
89632574
89635124
89635142
89635147
89635214
89635241
89635247
89635412
89635421
89635741
89635742
89651247
89651423
89652147
89653214
89653241
89653247
89654123
89657412
89657421
89657423
