1235478
1235486
1235487
1235489
1235684
1235687
1235689
1235698
1235748
1235784
1235786
1235789
1235847
1235869
1235874
1235896
1235968
1235984
1235986
1235987
1236547
1236548
1236574
1236578
1236584
1236587
1236589
1236598
1236845
1236847
1236854
1236857
1236859
1236874
1236875
1236895
1236954
1236957
1236958
1236984
1236985
1236987
1245368
1245369
1245687
1245689
1245698
1245786
1245789
1245863
1245869
1245896
1245963
1245968
1245986
1245987
1247536
1247563
1247568
1247569
1247586
1247589
1247596
1247598
1247853
1247856
1247859
1247863
1247865
1247869
1247895
1247896
1248536
1248563
1248569
1248596
1248635
1248653
1248657
1248659
1248695
1248753
1248756
1248759
1248953
1248956
1248957
1248963
1248965
1253684
1253687
1253689
1253698
1254786
1254789
1254863
1254869
1254896
1256847
1256874
1256984
1256987
1257486
1257489
1257863
1257869
1257896
1258963
1259684
1259687
1259847
1259863
1259874
1263547
1263548
1263574
1263578
1263584
1263587
1263589
1263598
1265478
1265487
1265489
1265748
1265784
1265789
1265847
1265874
1265984
1265987
1268453
1268457
1268459
1268475
1268547
1268574
1268745
1268753
1268754
1268759
1268953
1268954
1268957
1269547
1269548
1269574
1269578
1269584
1269587
1269845
1269847
1269853
1269854
1269857
1269874
1269875
1423568
1423569
1423578
1423586
1423587
1423589
1423596
1423598
1423657
1423658
1423659
1423685
1423687
1423689
1423695
1423698
1425368
1425369
1425687
1425689
1425698
1425786
1425789
1425863
1425869
1425896
1425963
1425968
1425986
1425987
1426357
1426358
1426359
1426578
1426587
1426589
1426598
1426853
1426857
1426859
1426875
1426895
1426953
1426957
1426958
1426985
1426987
1452368
1452369
1452687
1452689
1452698
1453268
1453269
1453687
1453689
1453698
1456987
1457862
1457863
1457869
1457896
1458623
1458632
1458962
1458963
1459623
1459632
1459687
1459862
1459863
1475236
1475263
1475268
1475269
1475326
1475362
1475368
1475369
1475623
1475632
1475689
1475698
1475862
1475863
1475869
1475896
1475962
1475963
1475968
1475986
1478523
1478526
1478532
1478536
1478562
1478563
1478569
1478596
1478623
1478625
1478632
1478635
1478652
1478653
1478659
1478695
1478952
1478953
1478956
1478962
1478963
1478965
1485236
1485263
1485269
1485326
1485362
1485369
1485623
1485632
1485962
1485963
1486235
1486253
1486257
1486259
1486325
1486352
1486357
1486359
1486523
1486532
1486952
1486953
1486957
1487523
1487526
1487532
1487536
1487562
1487563
1487569
1487596
1489523
1489526
1489532
1489536
1489562
1489563
1489623
1489625
1489632
1489635
1489652
1489653
1489657
1523684
1523687
1523689
1523698
1524786
1524789
1524863
1524869
1524896
1526847
1526874
1526984
1526987
1532478
1532486
1532487
1532489
1532684
1532687
1532689
1532698
1536247
1536248
1536842
1536847
1536874
1536984
1536987
1542368
1542369
1542687
1542689
1542698
1547862
1547863
1547869
1547896
1548623
1548632
1548962
1548963
1562478
1562487
1562489
1563247
1563248
1568423
1568742
1569842
1569847
1569874
1574236
1574263
1574268
1574269
1574862
1574863
1574869
1574896
1578423
1578426
1578623
1578624
1578632
1578962
1578963
1584236
1584263
1584269
1586247
1586324
1587423
1587426
1589623
1589624
1589632
1596247
1596248
1596324
1596842
1596847
1596874
1598423
1598426
1598623
1598624
1598632
1598742
