7412356
7412358
7412359
7412365
7412368
7412369
7412536
7412563
7412568
7412569
7412586
7412589
7412596
7412598
7412635
7412653
7412658
7412659
7412685
7412689
7412695
7412698
7415236
7415263
7415268
7415269
7415326
7415362
7415368
7415369
7415623
7415632
7415689
7415698
7415862
7415863
7415869
7415896
7415962
7415963
7415968
7415986
7421536
7421563
7421568
7421569
7421586
7421589
7421596
7421598
7423568
7423569
7423586
7423589
7423596
7423598
7423651
7423658
7423659
7423685
7423689
7423695
7423698
7425368
7425369
7425689
7425698
7425863
7425869
7425896
7425963
7425968
7425986
7426351
7426358
7426359
7426589
7426598
7426851
7426853
7426859
7426895
7426951
7426953
7426958
7426985
7451236
7451263
7451268
7451269
7452368
7452369
7452689
7452698
7453268
7453269
7453621
7453689
7453698
7456321
7458621
7458623
7458632
7458962
7458963
7459621
7459623
7459632
7459862
7459863
7485123
7485126
7485236
7485263
7485269
7485321
7485326
7485362
7485369
7485621
7485623
7485632
7485962
7485963
7486215
7486235
7486251
7486253
7486259
7486321
7486325
7486351
7486352
7486359
7486512
7486521
7486523
7486532
7486951
7486952
7486953
7489512
7489521
7489523
7489526
7489532
7489536
7489562
7489563
7489621
7489623
7489625
7489632
7489635
7489651
7489652
7489653
7512368
7512369
7512486
7512489
7512684
7512689
7512698
7514236
7514263
7514268
7514269
7514862
7514863
7514869
7514896
7521486
7521489
7523684
7523689
7523698
7524863
7524869
7524896
7526841
7526984
7532148
7532486
7532489
7532684
7532689
7532698
7536214
7536241
7536248
7536841
7536842
7536984
7541236
7541263
7541268
7541269
7542368
7542369
7542689
7542698
7548621
7548623
7548632
7548962
7548963
7562148
7562489
7563214
7563241
7563248
7568412
7568421
7568423
7569841
7569842
7584123
7584126
7584236
7584263
7584269
7586214
7586241
7586321
7586324
7589621
7589623
7589624
7589632
7596214
7596241
7596248
7596321
7596324
7596841
7596842
7598412
7598421
7598423
7598426
7598621
7598623
7598624
7598632
7841235
7841236
7841253
7841256
7841259
7841263
7841265
7841269
7841523
7841526
7841532
7841536
7841562
7841563
7841569
7841596
7842153
7842156
7842159
7842351
7842356
7842359
7842365
7842369
7842536
7842563
7842569
7842596
7842635
7842651
7842653
7842659
7842695
7845123
7845126
7845236
7845263
7845269
7845321
7845326
7845362
7845369
7845621
7845623
7845632
7845962
7845963
7851236
7851263
7851269
7851423
7851426
7852369
7853214
7853241
7853269
7853621
7853624
7854123
7854126
7854236
7854263
7854269
7856214
7856241
7856321
7856324
7859621
7859623
7859624
7859632
7862145
7862153
7862154
7862159
7862351
7862354
7862359
7862415
7862451
7862453
7862459
7862514
7862541
7863214
7863215
7863241
7863245
7863251
7863254
7863259
7863512
7863514
7863521
7863524
7863541
7863542
7865123
7865124
7865142
7865214
7865241
7865321
7865324
7865412
7865421
7865423
7869512
7869514
7869521
7869523
7869524
7869532
7869541
7869542
7895123
7895124
7895126
7895142
7895214
7895236
7895241
7895263
7895321
7895324
7895326
7895362
7895412
7895421
7895423
7895426
7895621
7895623
7895624
7895632
7896214
7896215
7896235
7896241
7896245
7896251
7896253
7896254
7896321
7896324
7896325
7896351
7896352
7896354
7896512
7896514
7896521
7896523
7896524
7896532
7896541
7896542
