4123568
4123569
4123578
4123586
4123587
4123589
4123596
4123598
4123657
4123658
4123659
4123685
4123687
4123689
4123695
4123698
4125368
4125369
4125687
4125689
4125698
4125786
4125789
4125863
4125869
4125896
4125963
4125968
4125986
4125987
4126357
4126358
4126359
4126578
4126587
4126589
4126598
4126853
4126857
4126859
4126875
4126895
4126953
4126957
4126958
4126985
4126987
4152368
4152369
4152687
4152689
4152698
4153268
4153269
4153687
4153689
4153698
4156987
4157862
4157863
4157869
4157896
4158623
4158632
4158962
4158963
4159623
4159632
4159687
4159862
4159863
4215368
4215369
4215687
4215689
4215698
4215786
4215789
4215863
4215869
4215896
4215963
4215968
4215986
4215987
4235687
4235689
4235698
4235786
4235789
4235869
4235896
4235968
4235986
4235987
4236578
4236587
4236589
4236598
4236851
4236857
4236859
4236875
4236895
4236951
4236957
4236958
4236985
4236987
4253687
4253689
4253698
4256987
4257863
4257869
4257896
4258963
4259687
4259863
4263578
4263587
4263589
4263598
4265789
4265987
4268751
4268753
4268759
4268951
4268953
4268957
4269578
4269587
4269851
4269853
4269857
4269875
4512368
4512369
4512687
4512689
4512698
4523687
4523689
4523698
4526987
4532687
4532689
4532698
4536987
4578621
4578623
4578632
4578962
4578963
4586321
4589621
4589623
4589632
4596321
4598621
4598623
4598632
4751236
4751263
4751268
4751269
4752368
4752369
4752689
4752698
4753268
4753269
4753621
4753689
4753698
4756321
4758621
4758623
4758632
4758962
4758963
4759621
4759623
4759632
4759862
4759863
4785123
4785126
4785236
4785263
4785269
4785321
4785326
4785362
4785369
4785621
4785623
4785632
4785962
4785963
4786215
4786235
4786251
4786253
4786259
4786321
4786325
4786351
4786352
4786359
4786512
4786521
4786523
4786532
4786951
4786952
4786953
4789512
4789521
4789523
4789526
4789532
4789536
4789562
4789563
4789621
4789623
4789625
4789632
4789635
4789651
4789652
4789653
4851236
4851263
4851269
4852369
4853269
4853621
4856321
4859621
4859623
4859632
4862153
4862157
4862159
4862351
4862357
4862359
4863215
4863251
4863257
4863259
4863512
4863521
4865123
4865321
4869512
4869521
4869523
4869532
4875123
4875126
4875236
4875263
4875269
4875321
4875326
4875362
4875369
4875621
4875623
4875632
4875962
4875963
4895123
4895126
4895236
4895263
4895321
4895326
4895362
4895621
4895623
4895632
4896215
4896235
4896251
4896253
4896257
4896321
4896325
4896351
4896352
4896357
4896512
4896521
4896523
4896532
