3214568
3214569
3214578
3214586
3214587
3214589
3214596
3214598
3214756
3214758
3214759
3214785
3214786
3214789
3214856
3214857
3214859
3214865
3214869
3214875
3214895
3214896
3215478
3215486
3215487
3215489
3215684
3215687
3215689
3215698
3215748
3215784
3215786
3215789
3215847
3215869
3215874
3215896
3215968
3215984
3215986
3215987
3241568
3241569
3241578
3241586
3241587
3241589
3241596
3241598
3245687
3245689
3245698
3245786
3245789
3245869
3245896
3245968
3245986
3245987
3247568
3247569
3247586
3247589
3247596
3247598
3247851
3247856
3247859
3247865
3247869
3247895
3247896
3248569
3248596
3248651
3248657
3248659
3248695
3248751
3248756
3248759
3248951
3248956
3248957
3248965
3251478
3251486
3251487
3251489
3254786
3254789
3254869
3254896
3256841
3256847
3256874
3256984
3256987
3257486
3257489
3257841
3257869
3257896
3258741
3259684
3259687
3259841
3259847
3259874
3265147
3265148
3265478
3265487
3265489
3265741
3265748
3265784
3265789
3265841
3265847
3265874
3265984
3265987
3268415
3268451
3268457
3268459
3268475
3268514
3268541
3268547
3268574
3268741
3268745
3268751
3268754
3268759
3268951
3268954
3268957
3269514
3269541
3269547
3269548
3269574
3269578
3269584
3269587
3269841
3269845
3269847
3269851
3269854
3269857
3269874
3269875
3512478
3512486
3512487
3512489
3512684
3512687
3512689
3512698
3514268
3514269
3514786
3514789
3514862
3514869
3514896
3521478
3521486
3521487
3521489
3524786
3524789
3524869
3524896
3526841
3526847
3526874
3526984
3526987
3541268
3541269
3542687
3542689
3542698
3547862
3547869
3547896
3548621
3548962
3562147
3562148
3562478
3562487
3562489
3568412
3568421
3568741
3568742
3569841
3569842
3569847
3569874
3574126
3574268
3574269
3574862
3574869
3574896
3578412
3578421
3578426
3578621
3578624
3578962
3584126
3584269
3586214
3586241
3586247
3587412
3587421
3587426
3589621
3589624
3596214
3596241
3596247
3596248
3596841
3596842
3596847
3596874
3598412
3598421
3598426
3598621
3598624
3598741
3598742
3621457
3621458
3621459
3621475
3621478
3621485
3621487
3621489
3621547
3621548
3621574
3621578
3621584
3621587
3621589
3621598
3624157
3624158
3624159
3624578
3624587
3624589
3624598
3624751
3624758
3624759
3624785
3624789
3624851
3624857
3624859
3624875
3624895
3625147
3625148
3625478
3625487
3625489
3625741
3625748
3625784
3625789
3625841
3625847
3625874
3625984
3625987
3651247
3651248
3651478
3651487
3651489
3652147
3652148
3652478
3652487
3652489
3654789
3657412
3657421
3657489
3657841
3657842
3658412
3658421
3658741
3658742
3659841
3659842
3659847
3659874
3684125
3684152
3684157
3684159
3684215
3684251
3684257
3684259
3684512
3684521
3684751
3684752
3684759
3685124
3685142
3685147
3685214
3685241
3685247
3685412
3685421
3685741
3685742
3687412
3687415
3687421
3687425
3687451
3687452
3687459
3687512
3687514
3687521
3687524
3687541
3687542
3689512
3689514
3689521
3689524
3689541
3689542
3689547
3689574
3695124
3695142
3695147
3695148
3695214
3695241
3695247
3695248
3695412
3695421
3695478
3695487
3695741
3695742
3695748
3695784
3695841
3695842
3695847
3695874
3698412
3698415
3698421
3698425
3698451
3698452
3698457
3698475
3698512
3698514
3698521
3698524
3698541
3698542
3698547
3698574
3698741
3698742
3698745
3698751
3698752
3698754
