9512368
9512478
9512486
9512487
9512684
9512687
9514236
9514263
9514268
9514786
9514862
9514863
9521478
9521486
9521487
9523684
9523687
9524786
9524863
9526841
9526847
9526874
9532147
9532148
9532478
9532486
9532487
9532684
9532687
9536214
9536241
9536247
9536248
9536841
9536842
9536847
9536874
9541236
9541263
9541268
9542368
9542687
9547862
9547863
9548621
9548623
9548632
9562147
9562148
9562478
9562487
9563214
9563241
9563247
9563248
9568412
9568421
9568423
9568741
9568742
9574123
9574126
9574236
9574263
9574268
9574862
9574863
9578412
9578421
9578423
9578426
9578621
9578623
9578624
9578632
9584123
9584126
9584236
9584263
9586214
9586241
9586247
9586321
9586324
9587412
9587421
9587423
9587426
9621453
9621457
9621458
9621475
9621478
9621485
9621487
9621547
9621548
9621574
9621578
9621584
9621587
9623514
9623541
9623547
9623548
9623574
9623578
9623584
9623587
9624153
9624157
9624158
9624578
9624587
9624751
9624753
9624758
9624785
9624851
9624853
9624857
9624875
9625147
9625148
9625478
9625487
9625741
9625748
9625784
9625841
9625847
9625874
9632145
9632147
9632148
9632154
9632157
9632158
9632415
9632451
9632457
9632458
9632475
9632478
9632485
9632487
9632514
9632541
9632547
9632548
9632574
9632578
9632584
9632587
9635124
9635142
9635147
9635148
9635214
9635241
9635247
9635248
9635412
9635421
9635478
9635487
9635741
9635742
9635748
9635784
9635841
9635842
9635847
9635874
9651247
9651248
9651423
9651478
9651487
9652147
9652148
9652478
9652487
9653214
9653241
9653247
9653248
9654123
9657412
9657421
9657423
9657841
9657842
9658412
9658421
9658423
9658741
9658742
9684123
9684125
9684152
9684153
9684157
9684215
9684235
9684251
9684253
9684257
9684512
9684521
9684523
9684532
9684751
9684752
9684753
9685123
9685124
9685142
9685147
9685214
9685241
9685247
9685321
9685324
9685412
9685421
9685423
9685741
9685742
9687412
9687415
9687421
9687423
9687425
9687451
9687452
9687453
9687512
9687514
9687521
9687523
9687524
9687532
9687541
9687542
9841235
9841236
9841253
9841256
9841257
9841263
9841265
9841523
9841526
9841532
9841536
9841562
9841563
9842153
9842156
9842157
9842351
9842356
9842357
9842365
9842536
9842563
9842635
9842651
9842653
9842657
9845123
9845126
9845236
9845263
9845321
9845326
9845362
9845621
9845623
9845632
9847512
9847521
9847523
9847526
9847532
9847536
9847562
9847563
9851236
9851247
9851263
9851423
9851426
9852147
9853214
9853241
9853247
9853621
9853624
9854123
9854126
9854236
9854263
9856214
9856241
9856247
9856321
9856324
9857412
9857421
9857423
9857426
9862145
9862147
9862153
9862154
9862157
9862351
9862354
9862357
9862415
9862451
9862453
9862457
9862475
9862514
9862541
9862547
9862574
9863214
9863215
9863241
9863245
9863247
9863251
9863254
9863257
9863512
9863514
9863521
9863524
9863541
9863542
9863547
9863574
9865123
9865124
9865142
9865147
9865214
9865241
9865247
9865321
9865324
9865412
9865421
9865423
9865741
9865742
9874123
9874125
9874126
9874152
9874153
9874156
9874215
9874235
9874236
9874251
9874253
9874256
9874263
9874265
9874512
9874521
9874523
9874526
9874532
9874536
9874562
9874563
9875123
9875124
9875126
9875142
9875214
9875236
9875241
9875263
9875321
9875324
9875326
9875362
9875412
9875421
9875423
9875426
9875621
9875623
9875624
9875632
