2145368
2145369
2145687
2145689
2145698
2145786
2145789
2145863
2145869
2145896
2145963
2145968
2145986
2145987
2147536
2147563
2147568
2147569
2147586
2147589
2147596
2147598
2147853
2147856
2147859
2147863
2147865
2147869
2147895
2147896
2148536
2148563
2148569
2148596
2148635
2148653
2148657
2148659
2148695
2148753
2148756
2148759
2148953
2148956
2148957
2148963
2148965
2153684
2153687
2153689
2153698
2154786
2154789
2154863
2154869
2154896
2156847
2156874
2156984
2156987
2157486
2157489
2157863
2157869
2157896
2158963
2159684
2159687
2159847
2159863
2159874
2351478
2351486
2351487
2351489
2354786
2354789
2354869
2354896
2356841
2356847
2356874
2356984
2356987
2357486
2357489
2357841
2357869
2357896
2358741
2359684
2359687
2359841
2359847
2359874
2365147
2365148
2365478
2365487
2365489
2365741
2365748
2365784
2365789
2365841
2365847
2365874
2365984
2365987
2368415
2368451
2368457
2368459
2368475
2368514
2368541
2368547
2368574
2368741
2368745
2368751
2368754
2368759
2368951
2368954
2368957
2369514
2369541
2369547
2369548
2369574
2369578
2369584
2369587
2369841
2369845
2369847
2369851
2369854
2369857
2369874
2369875
2415368
2415369
2415687
2415689
2415698
2415786
2415789
2415863
2415869
2415896
2415963
2415968
2415986
2415987
2453687
2453689
2453698
2456987
2457863
2457869
2457896
2458963
2459687
2459863
2475368
2475369
2475689
2475698
2475863
2475869
2475896
2475963
2475968
2475986
2478536
2478563
2478569
2478596
2478635
2478651
2478653
2478659
2478695
2478951
2478953
2478956
2478963
2478965
2485369
2485963
2486351
2486357
2486359
2486951
2486953
2486957
2487536
2487563
2487569
2487596
2489536
2489563
2489635
2489651
2489653
2489657
2514786
2514789
2514863
2514869
2514896
2536841
2536847
2536874
2536984
2536987
2547863
2547869
2547896
2548963
2568741
2569841
2569847
2569874
2574863
2574869
2574896
2578963
2596841
2596847
2596874
2598741
2635147
2635148
2635478
2635487
2635489
2635741
2635748
2635784
2635789
2635841
2635847
2635874
2635984
2635987
2651478
2651487
2651489
2654789
2657489
2657841
2658741
2659841
2659847
2659874
2684153
2684157
2684159
2684751
2684753
2684759
2685147
2685741
2687415
2687451
2687453
2687459
2687514
2687541
2689514
2689541
2689547
2689574
2695147
2695148
2695478
2695487
2695741
2695748
2695784
2695841
2695847
2695874
2698415
2698451
2698453
2698457
2698475
2698514
2698541
2698547
2698574
2698741
2698745
2698751
2698753
2698754
