5123684
5123687
5123689
5123698
5124786
5124789
5124863
5124869
5124896
5126847
5126874
5126984
5126987
5142368
5142369
5142687
5142689
5142698
5147862
5147863
5147869
5147896
5148623
5148632
5148962
5148963
5214786
5214789
5214863
5214869
5214896
5236841
5236847
5236874
5236984
5236987
5247863
5247869
5247896
5248963
5268741
5269841
5269847
5269874
5321478
5321486
5321487
5321489
5324786
5324789
5324869
5324896
5326841
5326847
5326874
5326984
5326987
5362147
5362148
5362478
5362487
5362489
5368412
5368421
5368741
5368742
5369841
5369842
5369847
5369874
5412368
5412369
5412687
5412689
5412698
5423687
5423689
5423698
5426987
5478621
5478623
5478632
5478962
5478963
5486321
5489621
5489623
5489632
5621478
5621487
5621489
5624789
5632147
5632148
5632478
5632487
5632489
5684123
5687412
5687421
5687423
5698412
5698421
5698423
5698741
5698742
5741236
5741263
5741268
5741269
5742368
5742369
5742689
5742698
5748621
5748623
5748632
5748962
5748963
5784123
5784126
5784236
5784263
5784269
5786214
5786241
5786321
5786324
5789621
5789623
5789624
5789632
5841236
5841263
5841269
5842369
5862147
5863214
5863241
5863247
5874123
5874126
5874236
5874263
5874269
5896214
5896241
5896247
5896321
5896324
5962147
5962148
5962478
5962487
5963214
5963241
5963247
5963248
5968412
5968421
5968423
5968741
5968742
5984123
5984126
5984236
5984263
5986214
5986241
5986247
5986321
5986324
5987412
5987421
5987423
5987426
