8412356
8412357
8412359
8412365
8412369
8412536
8412563
8412569
8412596
8412635
8412653
8412657
8412659
8412695
8415236
8415263
8415269
8415326
8415362
8415369
8415623
8415632
8415962
8415963
8421536
8421563
8421569
8421596
8423569
8423596
8423651
8423657
8423659
8423695
8425369
8425963
8426351
8426357
8426359
8426951
8426953
8426957
8451236
8451263
8451269
8452369
8453269
8453621
8456321
8459621
8459623
8459632
8475123
8475126
8475236
8475263
8475269
8475321
8475326
8475362
8475369
8475621
8475623
8475632
8475962
8475963
8512369
8514236
8514263
8514269
8532147
8536214
8536241
8536247
8541236
8541263
8541269
8542369
8562147
8563214
8563241
8563247
8574123
8574126
8574236
8574263
8574269
8596214
8596241
8596247
8596321
8596324
8621453
8621457
8621459
8621475
8621547
8621574
8623514
8623541
8623547
8623574
8624153
8624157
8624159
8624751
8624753
8624759
8625147
8625741
8632145
8632147
8632154
8632157
8632159
8632415
8632451
8632457
8632459
8632475
8632514
8632541
8632547
8632574
8635124
8635142
8635147
8635214
8635241
8635247
8635412
8635421
8635741
8635742
8651247
8651423
8652147
8653214
8653241
8653247
8654123
8657412
8657421
8657423
8695123
8695124
8695142
8695147
8695214
8695241
8695247
8695321
8695324
8695412
8695421
8695423
8695741
8695742
8741235
8741236
8741253
8741256
8741259
8741263
8741265
8741269
8741523
8741526
8741532
8741536
8741562
8741563
8741569
8741596
8742153
8742156
8742159
8742351
8742356
8742359
8742365
8742369
8742536
8742563
8742569
8742596
8742635
8742651
8742653
8742659
8742695
8745123
8745126
8745236
8745263
8745269
8745321
8745326
8745362
8745369
8745621
8745623
8745632
8745962
8745963
8751236
8751263
8751269
8751423
8751426
8752369
8753214
8753241
8753269
8753621
8753624
8754123
8754126
8754236
8754263
8754269
8756214
8756241
8756321
8756324
8759621
8759623
8759624
8759632
8951236
8951247
8951263
8951423
8951426
8952147
8953214
8953241
8953247
8953621
8953624
8954123
8954126
8954236
8954263
8956214
8956241
8956247
8956321
8956324
8957412
8957421
8957423
8957426
8962145
8962147
8962153
8962154
8962157
8962351
8962354
8962357
8962415
8962451
8962453
8962457
8962475
8962514
8962541
8962547
8962574
8963214
8963215
8963241
8963245
8963247
8963251
8963254
8963257
8963512
8963514
8963521
8963524
8963541
8963542
8963547
8963574
8965123
8965124
8965142
8965147
8965214
8965241
8965247
8965321
8965324
8965412
8965421
8965423
8965741
8965742
