6214578
6214587
6214589
6214598
6214753
6214758
6214759
6214785
6214789
6214853
6214857
6214859
6214875
6214895
6215478
6215487
6215489
6215748
6215784
6215789
6215847
6215874
6215984
6215987
6235147
6235148
6235478
6235487
6235489
6235741
6235748
6235784
6235789
6235841
6235847
6235874
6235984
6235987
6241578
6241587
6241589
6241598
6245789
6245987
6247589
6247598
6247851
6247853
6247859
6247895
6248751
6248753
6248759
6248951
6248953
6248957
6251478
6251487
6251489
6254789
6257489
6257841
6258741
6259841
6259847
6259874
6321457
6321458
6321459
6321475
6321478
6321485
6321487
6321489
6321547
6321548
6321574
6321578
6321584
6321587
6321589
6321598
6324157
6324158
6324159
6324578
6324587
6324589
6324598
6324751
6324758
6324759
6324785
6324789
6324851
6324857
6324859
6324875
6324895
6325147
6325148
6325478
6325487
6325489
6325741
6325748
6325784
6325789
6325841
6325847
6325874
6325984
6325987
6351247
6351248
6351478
6351487
6351489
6352147
6352148
6352478
6352487
6352489
6354789
6357412
6357421
6357489
6357841
6357842
6358412
6358421
6358741
6358742
6359841
6359842
6359847
6359874
6512478
6512487
6512489
6514789
6521478
6521487
6521489
6524789
6532147
6532148
6532478
6532487
6532489
6574123
6578412
6578421
6578423
6584123
6587412
6587421
6587423
6598412
6598421
6598423
6598741
6598742
6841235
6841253
6841257
6841259
6841523
6841532
6842153
6842157
6842159
6842351
6842357
6842359
6845123
6845321
6847512
6847521
6847523
6847532
6851247
6851423
6852147
6853214
6853241
6853247
6854123
6857412
6857421
6857423
6874123
6874125
6874152
6874153
6874159
6874215
6874235
6874251
6874253
6874259
6874512
6874521
6874523
6874532
6875123
6875124
6875142
6875214
6875241
6875321
6875324
6875412
6875421
6875423
6895123
6895124
6895142
6895147
6895214
6895241
6895247
6895321
6895324
6895412
6895421
6895423
6895741
6895742
6951247
6951248
6951423
6951478
6951487
6952147
6952148
6952478
6952487
6953214
6953241
6953247
6953248
6954123
6957412
6957421
6957423
6957841
6957842
6958412
6958421
6958423
6958741
6958742
6984123
6984125
6984152
6984153
6984157
6984215
6984235
6984251
6984253
6984257
6984512
6984521
6984523
6984532
6984751
6984752
6984753
6985123
6985124
6985142
6985147
6985214
6985241
6985247
6985321
6985324
6985412
6985421
6985423
6985741
6985742
6987412
6987415
6987421
6987423
6987425
6987451
6987452
6987453
6987512
6987514
6987521
6987523
6987524
6987532
6987541
6987542
