41235
41236
41253
41256
41257
41258
41259
41263
41265
41268
41269
41523
41526
41532
41536
41562
41563
41568
41569
41578
41586
41587
41589
41596
41598
42153
42156
42157
42158
42159
42351
42356
42357
42358
42359
42365
42368
42369
42536
42563
42568
42569
42578
42586
42587
42589
42596
42598
42635
42651
42653
42657
42658
42659
42685
42687
42689
42695
42698
45123
45126
45236
45263
45268
45269
45321
45326
45362
45368
45369
45621
45623
45632
45687
45689
45698
45786
45789
45862
45863
45869
45896
45962
45963
45968
45986
45987
47512
47521
47523
47526
47532
47536
47562
47563
47568
47569
47586
47589
47596
47598
47851
47852
47853
47856
47859
47862
47863
47865
47869
47895
47896
48512
48521
48523
48526
48532
48536
48562
48563
48569
48596
48621
48623
48625
48632
48635
48651
48652
48653
48657
48659
48695
48751
48752
48753
48756
48759
48951
48952
48953
48956
48957
48962
48963
48965
