51236
51247
51248
51263
51268
51269
51423
51426
51478
51486
51487
51489
52147
52148
52368
52369
52478
52486
52487
52489
52684
52687
52689
52698
53214
53241
53247
53248
53268
53269
53621
53624
53684
53687
53689
53698
54123
54126
54236
54263
54268
54269
54786
54789
54862
54863
54869
54896
56214
56241
56247
56248
56321
56324
56841
56842
56847
56874
56984
56987
57412
57421
57423
57426
57486
57489
57841
57842
57862
57863
57869
57896
58412
58421
58423
58426
58621
58623
58624
58632
58741
58742
58962
58963
59621
59623
59624
59632
59684
59687
59841
59842
59847
59862
59863
59874
