621453
621457
621458
621459
621475
621478
621485
621487
621489
621547
621548
621574
621578
621584
621587
621589
621598
623514
623541
623547
623548
623574
623578
623584
623587
623589
623598
624153
624157
624158
624159
624578
624587
624589
624598
624751
624753
624758
624759
624785
624789
624851
624853
624857
624859
624875
624895
625147
625148
625478
625487
625489
625741
625748
625784
625789
625841
625847
625874
625984
625987
632145
632147
632148
632154
632157
632158
632159
632415
632451
632457
632458
632459
632475
632478
632485
632487
632489
632514
632541
632547
632548
632574
632578
632584
632587
632589
632598
635124
635142
635147
635148
635214
635241
635247
635248
635412
635421
635478
635487
635489
635741
635742
635748
635784
635789
635841
635842
635847
635874
635984
635987
651247
651248
651423
651478
651487
651489
652147
652148
652478
652487
652489
653214
653241
653247
653248
654123
654789
657412
657421
657423
657489
657841
657842
658412
658421
658423
658741
658742
659841
659842
659847
659874
684123
684125
684152
684153
684157
684159
684215
684235
684251
684253
684257
684259
684512
684521
684523
684532
684751
684752
684753
684759
685123
685124
685142
685147
685214
685241
685247
685321
685324
685412
685421
685423
685741
685742
687412
687415
687421
687423
687425
687451
687452
687453
687459
687512
687514
687521
687523
687524
687532
687541
687542
689512
689514
689521
689523
689524
689532
689541
689542
689547
689574
695123
695124
695142
695147
695148
695214
695241
695247
695248
695321
695324
695412
695421
695423
695478
695487
695741
695742
695748
695784
695841
695842
695847
695874
698412
698415
698421
698423
698425
698451
698452
698453
698457
698475
698512
698514
698521
698523
698524
698532
698541
698542
698547
698574
698741
698742
698745
698751
698752
698753
698754
