412356
412357
412358
412359
412365
412368
412369
412536
412563
412568
412569
412578
412586
412587
412589
412596
412598
412635
412653
412657
412658
412659
412685
412687
412689
412695
412698
415236
415263
415268
415269
415326
415362
415368
415369
415623
415632
415687
415689
415698
415786
415789
415862
415863
415869
415896
415962
415963
415968
415986
415987
421536
421563
421568
421569
421578
421586
421587
421589
421596
421598
423568
423569
423578
423586
423587
423589
423596
423598
423651
423657
423658
423659
423685
423687
423689
423695
423698
425368
425369
425687
425689
425698
425786
425789
425863
425869
425896
425963
425968
425986
425987
426351
426357
426358
426359
426578
426587
426589
426598
426851
426853
426857
426859
426875
426895
426951
426953
426957
426958
426985
426987
451236
451263
451268
451269
452368
452369
452687
452689
452698
453268
453269
453621
453687
453689
453698
456321
456987
457862
457863
457869
457896
458621
458623
458632
458962
458963
459621
459623
459632
459687
459862
459863
475123
475126
475236
475263
475268
475269
475321
475326
475362
475368
475369
475621
475623
475632
475689
475698
475862
475863
475869
475896
475962
475963
475968
475986
478512
478521
478523
478526
478532
478536
478562
478563
478569
478596
478621
478623
478625
478632
478635
478651
478652
478653
478659
478695
478951
478952
478953
478956
478962
478963
478965
485123
485126
485236
485263
485269
485321
485326
485362
485369
485621
485623
485632
485962
485963
486215
486235
486251
486253
486257
486259
486321
486325
486351
486352
486357
486359
486512
486521
486523
486532
486951
486952
486953
486957
487512
487521
487523
487526
487532
487536
487562
487563
487569
487596
489512
489521
489523
489526
489532
489536
489562
489563
489621
489623
489625
489632
489635
489651
489652
489653
489657
