512368
512369
512478
512486
512487
512489
512684
512687
512689
512698
514236
514263
514268
514269
514786
514789
514862
514863
514869
514896
521478
521486
521487
521489
523684
523687
523689
523698
524786
524789
524863
524869
524896
526841
526847
526874
526984
526987
532147
532148
532478
532486
532487
532489
532684
532687
532689
532698
536214
536241
536247
536248
536841
536842
536847
536874
536984
536987
541236
541263
541268
541269
542368
542369
542687
542689
542698
547862
547863
547869
547896
548621
548623
548632
548962
548963
562147
562148
562478
562487
562489
563214
563241
563247
563248
568412
568421
568423
568741
568742
569841
569842
569847
569874
574123
574126
574236
574263
574268
574269
574862
574863
574869
574896
578412
578421
578423
578426
578621
578623
578624
578632
578962
578963
584123
584126
584236
584263
584269
586214
586241
586247
586321
586324
587412
587421
587423
587426
589621
589623
589624
589632
596214
596241
596247
596248
596321
596324
596841
596842
596847
596874
598412
598421
598423
598426
598621
598623
598624
598632
598741
598742
