214536
214563
214568
214569
214578
214586
214587
214589
214596
214598
214753
214756
214758
214759
214785
214786
214789
214853
214856
214857
214859
214863
214865
214869
214875
214895
214896
215368
215369
215478
215486
215487
215489
215684
215687
215689
215698
215748
215784
215786
215789
215847
215863
215869
215874
215896
215963
215968
215984
215986
215987
235147
235148
235478
235486
235487
235489
235684
235687
235689
235698
235741
235748
235784
235786
235789
235841
235847
235869
235874
235896
235968
235984
235986
235987
236514
236541
236547
236548
236574
236578
236584
236587
236589
236598
236841
236845
236847
236851
236854
236857
236859
236874
236875
236895
236951
236954
236957
236958
236984
236985
236987
241536
241563
241568
241569
241578
241586
241587
241589
241596
241598
245368
245369
245687
245689
245698
245786
245789
245863
245869
245896
245963
245968
245986
245987
247536
247563
247568
247569
247586
247589
247596
247598
247851
247853
247856
247859
247863
247865
247869
247895
247896
248536
248563
248569
248596
248635
248651
248653
248657
248659
248695
248751
248753
248756
248759
248951
248953
248956
248957
248963
248965
251478
251486
251487
251489
253684
253687
253689
253698
254786
254789
254863
254869
254896
256841
256847
256874
256984
256987
257486
257489
257841
257863
257869
257896
258741
258963
259684
259687
259841
259847
259863
259874
263514
263541
263547
263548
263574
263578
263584
263587
263589
263598
265147
265148
265478
265487
265489
265741
265748
265784
265789
265841
265847
265874
265984
265987
268415
268451
268453
268457
268459
268475
268514
268541
268547
268574
268741
268745
268751
268753
268754
268759
268951
268953
268954
268957
269514
269541
269547
269548
269574
269578
269584
269587
269841
269845
269847
269851
269853
269854
269857
269874
269875
