741235
741236
741253
741256
741258
741259
741263
741265
741268
741269
741523
741526
741532
741536
741562
741563
741568
741569
741586
741589
741596
741598
742153
742156
742158
742159
742351
742356
742358
742359
742365
742368
742369
742536
742563
742568
742569
742586
742589
742596
742598
742635
742651
742653
742658
742659
742685
742689
742695
742698
745123
745126
745236
745263
745268
745269
745321
745326
745362
745368
745369
745621
745623
745632
745689
745698
745862
745863
745869
745896
745962
745963
745968
745986
748512
748521
748523
748526
748532
748536
748562
748563
748569
748596
748621
748623
748625
748632
748635
748651
748652
748653
748659
748695
748951
748952
748953
748956
748962
748963
748965
751236
751248
751263
751268
751269
751423
751426
751486
751489
752148
752368
752369
752486
752489
752684
752689
752698
753214
753241
753248
753268
753269
753621
753624
753684
753689
753698
754123
754126
754236
754263
754268
754269
754862
754863
754869
754896
756214
756241
756248
756321
756324
756841
756842
756984
758412
758421
758423
758426
758621
758623
758624
758632
758962
758963
759621
759623
759624
759632
759684
759841
759842
759862
759863
784123
784125
784126
784152
784153
784156
784159
784215
784235
784236
784251
784253
784256
784259
784263
784265
784269
784512
784521
784523
784526
784532
784536
784562
784563
784569
784596
785123
785124
785126
785142
785214
785236
785241
785263
785269
785321
785324
785326
785362
785369
785412
785421
785423
785426
785621
785623
785624
785632
785962
785963
786214
786215
786235
786241
786245
786251
786253
786254
786259
786321
786324
786325
786351
786352
786354
786359
786512
786514
786521
786523
786524
786532
786541
786542
786951
786952
786953
786954
789512
789514
789521
789523
789524
789526
789532
789536
789541
789542
789562
789563
789621
789623
789624
789625
789632
789635
789651
789652
789653
789654
