32145
32147
32148
32154
32156
32157
32158
32159
32415
32451
32456
32457
32458
32459
32475
32478
32485
32486
32487
32489
32514
32541
32547
32548
32568
32569
32574
32578
32584
32586
32587
32589
32596
32598
32651
32654
32657
32658
32659
32684
32685
32687
32689
32695
32698
35124
35126
35142
35147
35148
35214
35241
35247
35248
35268
35269
35412
35421
35426
35478
35486
35487
35489
35621
35624
35684
35687
35689
35698
35741
35742
35748
35784
35786
35789
35841
35842
35847
35862
35869
35874
35896
35962
35968
35984
35986
35987
36214
36215
36241
36245
36247
36248
36251
36254
36257
36258
36259
36512
36514
36521
36524
36541
36542
36547
36548
36574
36578
36584
36587
36589
36598
36841
36842
36845
36847
36851
36852
36854
36857
36859
36874
36875
36895
36951
36952
36954
36957
36958
36984
36985
36987
