74123
74125
74126
74152
74153
74156
74158
74159
74215
74235
74236
74251
74253
74256
74258
74259
74263
74265
74268
74269
74512
74521
74523
74526
74532
74536
74562
74563
74568
74569
74586
74589
74596
74598
74851
74852
74853
74856
74859
74862
74863
74865
74869
74895
74896
75123
75124
75126
75142
75148
75214
75236
75241
75248
75263
75268
75269
75321
75324
75326
75362
75368
75369
75412
75421
75423
75426
75486
75489
75621
75623
75624
75632
75684
75689
75698
75841
75842
75862
75863
75869
75896
75962
75963
75968
75984
75986
78412
78415
78421
78423
78425
78426
78451
78452
78453
78456
78459
78512
78514
78521
78523
78524
78526
78532
78536
78541
78542
78562
78563
78569
78596
78621
78623
78624
78625
78632
78635
78651
78652
78653
78654
78659
78695
78951
78952
78953
78954
78956
78962
78963
78965
