62145
62147
62148
62153
62154
62157
62158
62159
62351
62354
62357
62358
62359
62415
62451
62453
62457
62458
62459
62475
62478
62485
62487
62489
62514
62541
62547
62548
62574
62578
62584
62587
62589
62598
63214
63215
63241
63245
63247
63248
63251
63254
63257
63258
63259
63512
63514
63521
63524
63541
63542
63547
63548
63574
63578
63584
63587
63589
63598
65123
65124
65142
65147
65148
65214
65241
65247
65248
65321
65324
65412
65421
65423
65478
65487
65489
65741
65742
65748
65784
65789
65841
65842
65847
65874
65984
65987
68412
68415
68421
68423
68425
68451
68452
68453
68457
68459
68475
68512
68514
68521
68523
68524
68532
68541
68542
68547
68574
68741
68742
68745
68751
68752
68753
68754
68759
68951
68952
68953
68954
68957
69512
69514
69521
69523
69524
69532
69541
69542
69547
69548
69574
69578
69584
69587
69841
69842
69845
69847
69851
69852
69853
69854
69857
69874
69875
